"group","daily_steps","sleep_hours","water_intake","exercise_minutes","stress_level"
"A",9870.95844714667,8.20096537559849,1.49953538113424,149.861376965206,5.33491258537547
"A",7935.30182860391,8.04475108716773,2.66688859871679,172.807265029862,3.13072823612456
"A",8863.12841133734,5.99679135316015,3.0856625636794,151.169727386177,4.0554869546651
"A",9132.86260496104,8.84848190167275,3.52976962114965,172.052164248433,4.04906691319192
"A",8904.268323141,6.33322659124218,1.81156920087974,145.605821190034,3.4216442716391
"A",8393.87548390852,7.10551381245607,1.92457221718645,148.263379938562,3.001261344004
"A",10011.5219974389,6.57774411813114,2.14708930261994,164.471083983136,3.9975672199934
"A",8405.3409615869,6.87764982804503,1.9729721089614,179.788309103272,4.65551188281297
"A",10518.423713877,7.1881930345015,2.17712813842875,112.608135059039,5.47684227897655
"A",8437.28590094758,7.11916095799701,2.40731101616175,148.995374254632,2.09084721172079
"A",9804.86965422348,6.9749074491326,1.89938897463001,147.8711345625,3.29756052668759
"A",10786.6453927011,7.10807272794203,3.51848608349158,127.232380388071,3.68856978198808
"A",7111.13929888766,6.51456476415333,2.55388737244277,118.969219171825,2.33684296933262
"A",8221.21123318263,6.4957828693121,2.45794594974721,131.078041380875,3.24946655820771
"A",8366.67866360634,5.33890092008519,2.7478098208023,167.60423160039,3.22264824081849
"A",9135.95039807007,6.61766627312618,2.51870759305898,137.51032031449,3.2774303001404
"A",8215.74707858393,6.4873497421222,2.43395598152205,126.45336571484,1.81116540085293
"A",5843.54457909522,9.7018910003448,3.23839371177605,154.902489584583,4.21341855028655
"A",6059.53307142448,5.63788376881028,2.39148489495395,112.89857294672,3.36807706374517
"A",9820.11334573019,7.13725621855861,1.85819889795389,181.3762132871,5.52049119383216
"A",8193.36140592153,5.50637493268371,2.6928339452217,135.462137513439,4.79595594941508
"A",6718.69156602,5.5295642585632,2.32424356323545,155.67386435042,2.5464704348672
"A",8328.08264424038,7.12470238619701,2.23910195332187,151.530189947249,4.09839542100584
"A",9714.6746991726,6.00336086511596,1.96593439965641,149.992779933407,3.40622901576685
"A",10395.193461265,6.99817738569529,2.71418295163335,204.281461273286,4.88828116863452
"A",8069.5308683938,6.57174111857418,2.4129908827865,125.240161286702,4.05307041549867
"A",8242.73061723107,6.3863283935505,2.75783386432401,184.36411356684,3.44297637415534
"A",6736.83691480522,4.97532215458089,2.38281736134704,150.947195626597,4.43839703617272
"A",8960.09735483127,5.77525204964001,2.17074828708911,124.943825840798,4.15260815864242
"A",7860.00512403988,7.17951644111794,3.12511830203936,147.937090529505,3.83538241825044
"A",8955.45012324122,7.56762059442354,2.3641181424443,172.403150610374,6.01989062147597
"A",9204.83733722882,6.50712264644653,2.9739759979376,137.234437968162,3.47061411368274
"A",9535.10352196992,7.00006288406535,1.89920878494553,126.837532944196,3.52921302701596
"A",7891.07362459279,8.12288964337997,2.26694195181225,154.582923202437,2.45406307598248
"A",9004.95512329797,8.43985574297619,2.36532430242341,179.657905355364,3.95947327670482
"A",6782.99132092666,5.90288623159418,2.30451729593457,147.796249959835,4.89035630547068
"A",7715.5409916205,6.88268043974982,3.17435350599586,108.389203393208,1.92861214907079
"A",7649.09240582348,8.2014984009197,2.48861764935079,110.799722868739,3.74993487992698
"A",6085.79235005337,6.5302704194337,2.62211292555173,126.948140247662,2.81834957334668
"A",8536.12260689226,6.947530515061,2.02881414606804,134.186756238766,5.44193726501691
"A",8705.99860020025,6.91389270176291,2.13539136174521,149.357188048751,5.35789553887886
"A",8138.94270145133,6.11232098209357,2.99903445427742,170.114942129888,4.33450284734065
"A",9258.16323569952,6.55531599511526,3.12924083229778,136.961488842828,5.42933808040023
"A",7773.29517292342,6.97055512091176,3.12443184440505,116.583606500615,3.13268214912132
"A",7131.71895558071,6.58613115094208,1.80968147523734,168.213179846355,4.95065172497189
"A",8932.81802588872,8.1133860233682,3.5249803468182,158.263709062188,3.41498849136677
"A",7688.60682381333,6.51900715834602,3.00843641489977,184.720412082442,4.32095752252563
"A",9944.10126172125,6.56683096739927,2.48664126793087,99.5255742156523,3.70060398333509
"A",8068.55379738665,7.6968625765521,2.85180388939913,152.619572666846,3.72145691670693
"A",9155.64788340221,5.94363158682909,2.01430738542407,190.60085681828,4.54611515832953
"A",8821.92526520395,6.95930152484878,1.95192187922057,171.725214020501,2.69617884635513
"A",7716.16105911962,5.44845517765241,2.5245252254688,125.023415227074,3.74908553495754
"A",10075.727519792,8.16716954923568,1.90075207172111,171.975854603052,4.17100737371791
"A",9142.89930571732,6.72635429862592,2.59500949927987,123.842193900084,3.59653252125249
"A",8589.76064659961,6.53215467532775,3.14885294980233,136.398074663106,4.10465944083573
"A",8776.55074729146,5.76174767201379,1.98306313851762,185.626028358872,3.68111921326599
"A",9179.28881605527,6.99223796622267,2.13077962289347,141.295640646298,5.61834393588343
"A",8589.83288657908,6.19971782204834,2.52328196972543,174.856384348963,4.71418860148862
"A",5506.90991684707,6.46650767004956,1.99120194008695,141.263168736625,6.96586536983324
"A",8784.88295353066,8.28767524558459,2.30835802005686,102.709127857563,3.20492239544079
"A",8132.76535725902,6.82447412975787,2.9363777058357,124.535529091532,4.81436591467991
"A",8685.23056486561,5.92821761584932,2.98477250698506,117.344404141284,6.09803081013037
"A",9081.82372736551,7.16320688246738,2.69192333251355,135.471282866485,4.30098005515257
"A",9899.73682729268,6.63726158437205,1.57422216846627,139.910663729713,2.91692485816077
"A",7772.70794052554,7.59001354798734,2.47300163158692,145.399263280151,2.99367749819672
"A",9802.54263204414,8.43242192773099,3.03238660716914,142.702583142755,3.96458543508239
"A",8835.84811975207,6.00730748889051,2.9065975187058,206.766061248003,5.30912436085342
"A",9538.50609869762,7.45465029758028,2.40459176294786,108.420049881437,4.75040048664672
"A",9420.72856829065,7.08489805867849,1.15003509571815,137.555270978767,1.86163167238758
"A",9220.87816286686,7.89556558226454,2.53048331940056,160.472445843205,3.29964589113337
"A",7456.88106143214,6.77022186105373,2.78687584874179,198.853267974462,3.99094352470701
"A",8409.81361338929,7.83661906846061,2.52290178986255,152.655656871408,2.54186651275523
"A",9123.51816199954,5.25494413866331,2.57870627008794,187.174521252017,4.69452964649487
"A",7546.47664222766,8.68945892131337,2.71578268643439,100.663333927389,1.53866452481351
"A",7957.17118542614,7.86477797851858,2.30172513197489,193.390695761354,4.14328976404046
"A",9080.99649768168,6.84922401111425,3.15498911287577,129.283194850045,3.60877788087294
"A",9268.17873783459,5.55099286986083,2.73519669993697,141.707067436384,3.50883591438592
"A",8963.76758854017,7.64300870004198,1.8786648647127,116.717437203017,3.71635254754795
"A",7614.22370259032,7.48319386381477,3.19078772819277,154.016079492884,4.31479480470784
"A",7400.21910135214,6.99364437357861,3.10222946850491,203.560171551947,4.39632657793899
"A",10012.7070098049,7.15145589286242,2.91203698184094,222.664900657548,3.77439628896404
"A",8757.92143753203,6.4158910296502,1.6686852989072,117.695132936448,2.07504956965944
"A",8588.44022915959,7.36880673263024,2.21534682819726,164.578233312093,2.56077070167802
"A",8379.10346246091,7.29465433971952,2.81775690864476,191.655652162329,2.5303422260276
"A",7305.67110483947,6.72074062665742,2.52186100378893,144.130295481464,4.76186344689193
"A",9111.99689804039,5.66376334510685,2.67400615183065,143.454756068814,3.75638501812872
"A",8282.86015425348,7.70074881844003,3.72979677443521,140.856661363607,4.26967660741801
"A",8317.24329366808,7.55419662227403,2.09080983780017,167.934981723343,2.44107247904418
"A",9433.34632857116,6.16369340719858,1.44339994253543,191.922882324473,3.46441199330369
"A",9321.77311050825,5.40541183799376,2.63684763621521,170.628592837199,4.56245197317349
"A",9892.11637593427,7.20495858058763,2.15620157937829,159.605640428909,3.82167387658008
"A",8023.82607694533,6.65491202202711,2.72302052648093,140.943902226682,3.88486401379735
"A",9150.3485607263,7.25261170336445,2.0938076381047,164.950460566738,3.92793852789363
"A",9891.11045639,5.70599753451545,3.60602774016757,133.513892462497,5.2109098069263
"A",7389.2111205521,6.04082955561964,2.43814701421129,141.622304890883,3.3851030992003
"A",7639.20741312216,8.0857748536799,2.26133224698497,182.895403293352,4.6761264583147
"A",7368.26131914623,7.40377490471571,2.4168692542567,163.260392645364,4.89859960553755
"A",7040.7860004976,7.5864875367193,2.93128169181322,157.230488820783,2.81068209647898
"A",8579.98255324116,8.81522844615395,2.54867024260141,142.331770339334,4.12125884981901
"A",9153.20433964919,7.12882142860238,1.68719163039436,177.930987044546,3.98877831386959
"B",8529.14071931376,6.25151706681007,2.14734617824284,140.664232570262,5.94192421733092
"B",8414.77486771961,6.92232038583239,2.19637063271036,141.752490530246,4.75138596272044
"B",7497.54373332044,7.48765329363967,1.49957814349959,126.521406328173,5.09647885970648
"B",7636.00955241373,7.33556817203502,1.83713644008828,113.950298051449,4.56606905869826
"B",6779.84645505688,5.83947814095429,1.49582559728558,79.0293041823395,7.17866786745157
"B",7301.87566994878,8.06406949329184,1.68228425898312,110.731871739685,2.04122038086988
"B",6470.79119395173,4.87702406470845,1.39507965600633,106.412913403883,5.08088823919911
"B",6533.04410414738,7.36389637347899,1.44176809967365,139.896874335594,5.11013780461722
"B",6279.1869110809,5.9883972265638,2.31494058128797,159.258886102461,5.21344832631265
"B",8336.20770394484,4.5826349745546,1.86373921491069,135.031209296835,3.44218038736768
"B",8614.9717984954,4.63418615138005,1.87057941581066,86.151343944079,5.21621154625776
"B",7087.05514707291,6.74517906343969,2.86477908994575,170.129919161945,5.18766381702644
"B",6371.02260199317,8.72353430190807,1.97080391729631,150.310590973564,6.2586221252136
"B",7412.06866822295,6.77337606414447,1.73146810769554,126.705636476234,5.52351778090896
"B",9741.90369331262,7.63078479452828,2.37364334808287,53.8054622037113,6.11545427747996
"B",9541.31317075049,7.3386693740601,1.75637108230513,91.3624314434053,4.04249775782953
"B",5780.19966327855,5.84538472212179,2.68645389073975,117.942807983693,4.87559442014457
"B",7143.09334387761,7.4539609784794,1.81116381967689,142.839177046958,5.19173782904997
"B",9033.28049216229,6.85295146548932,1.6919236929408,84.6028740012513,5.27221725060335
"B",7461.75590338976,6.70659929264961,1.41593747446266,216.335968703019,4.30618553632675
"B",9097.41324232643,7.50111323431025,2.16432017929554,43.3852544714752,6.47917192085213
"B",7166.41460669012,7.24745199164028,2.73325531372008,112.921981519978,4.38823297835723
"B",8104.98592391538,5.87342516327686,1.82199522745554,112.213120702157,3.38569002564065
"B",7724.24123925025,6.89522368593671,2.13073382093872,100.098992501424,5.40249011059067
"B",10729.0694954801,5.60783204595442,2.16666442758787,110.430278675216,5.66455544728948
"B",8420.45256677252,7.13081841009177,2.71109662015477,142.271854727169,5.94412707099494
"B",6293.46093078408,6.06729481671543,2.33193830033309,93.7712197264268,4.05373920229171
"B",6896.11883083673,6.95213864421852,1.46317242215234,57.5155870109016,4.7517115507611
"B",7870.23528462206,6.86799904519635,1.65154911266663,122.813037084307,3.67156353146092
"B",5598.99935332039,6.22961251033809,1.62693477153272,119.945405639916,5.84476374209892
"B",5695.59005503676,6.96551261771298,2.07078643606611,119.606980428853,5.34769673243865
"B",6378.17739364478,7.07435622562697,1.99802638963467,140.039042236743,5.91376258643111
"B",7152.07039344086,6.26930000984259,2.18396875054588,119.604968911435,5.60827455338068
"B",8738.90214863198,7.67224250830245,1.67132854265138,143.281410914289,4.39245201219551
"B",7225.80243514772,7.89270270673312,1.81182666491947,59.6779400209423,5.17965807087184
"B",7662.38071555819,5.83800874429042,2.37068003021254,86.154585150846,3.09159058058262
"B",7435.39309024694,5.72263079327499,1.95019662177576,130.463987147572,5.5029462576891
"B",6794.76290297486,7.01353857890878,1.67285506069645,109.413045537092,5.9688991534785
"B",8862.19726875099,5.58668776195873,2.48558218703064,148.343237937529,4.12426287422667
"B",6403.48681191668,6.0505761947497,2.00674815578419,89.8584044242061,2.86397546130199
"B",7271.56648145311,7.30293269910362,1.54173266648923,141.717081974905,3.47717241841499
"B",7152.17191938973,5.9265231490189,2.85484428063082,99.9350177702891,3.88688179211393
"B",8032.12861950673,4.57187483215167,1.41594950502667,86.608794188526,6.2409838955359
"B",9107.23456226119,7.16439083382215,1.10948186992374,109.715844318992,5.00348193506299
"B",8013.81452611659,4.89745977620575,0.873433775715891,121.493379695062,3.76220541400693
"B",8882.37316057303,5.14539974254615,2.32556298477335,83.1695411542339,5.55569911889803
"B",8263.0970485499,3.4820673205821,1.73358368719862,97.0798226751766,2.8168506506401
"B",6875.41545536589,7.33123782223006,1.86222032151386,82.6145381514635,4.75297554290275
"B",7581.54380042899,6.75109708884734,2.14481348631452,150.503219332793,6.11285692758645
"B",8876.07911136477,6.96229346594133,1.76675796910462,141.708378721766,4.65832676299091
"B",5938.73421384296,7.34479222322324,1.19596991252766,89.0241858868466,6.30543834214107
"B",7824.7706605947,6.45802847567844,1.02510810197901,136.720380123683,6.79532387144079
"B",7343.20968304776,5.39442409429997,1.82965004088451,112.332557307014,3.83216477252655
"B",8377.78386073435,7.06377565233087,2.08736276366566,86.5982472855999,3.84771237501798
"B",8250.16657518064,7.80336475581967,0.861111219611385,132.635923188444,4.08554453065435
"B",7801.05340384283,4.99977906220534,2.14526224047354,110.311490644609,5.52872803253363
"B",8992.81111722931,5.89301076488096,2.21115317873681,146.405397035746,5.83507892704858
"B",5974.5061998303,6.20775493434342,2.64736868160336,114.154091796723,6.20913697409153
"B",8410.71755848602,5.2103166566764,2.08235700928698,155.641649463113,6.29947254536082
"B",5920.46797214246,7.1941058487747,2.10247692040012,104.707064646961,6.07573230420989
"B",8087.71625711858,5.90081809710288,2.3023018133629,126.586440326199,5.9398010235143
"B",7589.64229600072,7.75690664397164,1.99042961541553,131.108832640937,5.16337469340677
"B",8467.26165694984,6.55350801362736,1.9601428263106,128.373251811918,4.11186144135961
"B",7578.81235291482,7.22809251767185,2.0579922322014,126.0582731194,4.27383901724365
"B",5931.30016351391,8.06109806821061,2.37208668202419,119.61010372706,5.40759700561374
"B",5492.17681598391,6.76562475359719,1.78435469823615,117.274049817675,6.68353633925179
"B",8040.97352423876,7.57672625920727,1.75023552404438,160.950940959565,6.70597982356461
"B",7426.62340189157,6.71069793167925,1.56741896162214,147.243917066495,3.07383329917392
"B",6928.98160644192,4.98832647417763,1.52112135836406,101.703354857943,4.16600198477154
"B",7188.93154014636,6.52240225991363,2.16339998566932,161.893116636584,6.41913251633319
"B",6828.58493289864,7.2181362060421,2.77368611284259,124.343951199253,3.93589028498076
"B",7342.65954791902,6.98945701784227,1.51557021556778,100.781796852141,3.38642252751955
"B",6568.69492900013,6.32611165412173,1.90577978687027,125.094067786756,5.59981108869743
"B",5516.99052052987,5.2823005113316,1.48499941927204,115.284375377375,6.73296470538705
"B",7280.40019575062,7.14639836870946,2.45404322093025,123.028187836383,6.93450456245773
"B",8545.2758694624,5.58354397165211,1.84130906764594,90.7981753755516,5.53282057567079
"B",9377.32956629967,5.24817655757443,2.08950198327021,95.405241742404,5.71966575601978
"B",7502.60619595717,7.0949277184055,2.17401409386459,160.887569070763,5.56009338575518
"B",7419.33006529083,5.26718933481017,1.47286048936278,148.841127915938,4.98191306834003
"B",8462.98228123987,6.74436441490614,1.94762785594465,93.4882657679666,1.62826091744949
"B",7553.57101654652,6.50277218534359,1.88582869145274,92.9972365369103,5.76070324475976
"B",7065.10159108996,5.17179031397444,2.33767778121377,171.699993983905,4.60877314775679
"B",5762.70274465769,7.67969641183277,1.38337765324685,177.271264863868,6.00990122381185
"B",6236.30440021757,5.90719500085107,1.40001922778861,96.6857641243421,4.37302685292625
"B",7906.30851206927,7.69997831633667,2.38293328830805,80.9308421216068,3.36542263049814
"B",6040.34603222024,6.02496632038787,1.70595106935851,198.70485500456,6.24524265203048
"B",8548.4573701547,5.92494290384918,1.66985208501221,126.888867430404,5.1813774465554
"B",6153.5694605498,6.4687739753915,2.05650676109867,125.602496764257,8.4953042639856
"B",7306.42944188651,6.14194300402154,1.83980060015698,122.284099048508,5.91559191332691
"B",7497.66404288632,6.14339892235227,2.93319074846939,162.14580558964,6.04850651742624
"B",7487.17026613281,5.62233561656627,2.1297657278839,114.24833293991,5.76382493693486
"B",7651.9473219844,5.28710287482204,2.08078003545904,163.781764924683,4.3966126231406
"B",8098.51113140108,7.11328661868703,2.46553745466768,113.380336465964,4.62957033729722
"B",7373.78756270172,5.69379665853752,1.97002662537019,135.154376588194,6.05982593833365
"B",7251.46443415322,5.12354307009111,2.02436985003873,88.9950898178136,6.05511052983939
"B",7660.32739490462,5.99215210083645,1.46356229963302,125.114204143777,5.58297216112032
"B",7066.35805840273,5.69906451326266,0.853514284759664,156.020044826758,4.01343256446046
"B",9037.41241910027,4.30721431432993,1.39639657496783,115.097822557028,6.68462181174398
"B",5329.75342338392,6.20906285073232,2.0570547148986,158.474275893679,3.63315895431737
"B",8527.00461929143,6.66717412116052,1.48335146044731,201.815891637338,4.56678565138889
